Starting Level: 0
Maximum Level: 101


Levels (Exp from last level (Total Exp)) (Separated in sections of 5 levels):
  (+50, 5)
  50 (50)
  75 (125)
  125 (250)
  175 (425)
  225 (650)

  (+75, 10)
  300 (950)
  375 (1,325)
  450 (1,775)
  525 (2,300)
  600 (2,900)

  (+100, 15)
  700 (3,600)
  800 (4,400)
  900 (5,300)
  1,000 (6,300) 
  1,100 (7,400)

  (+150, 20)
  1,250 (8,700)
  1,400 (10,050)
  1,550 (11,600)
  1,700 (13,300)
  1,850 (15,150)

  (+200, 25)
  2,050 (17,200)
  2,250 (19,450)
  2,450 (21,900)
  2,650 (24,550)
  2,850 (27,400)

  (+300, 30)
  3,150 (30,550)
  3,450 (34,000)
  3,750 (37,750)
  4,050 (41,800)
  4,350 (46,150)

  (+400, 35)
  4750 (50,900)
  5150 (56,050)
  5550 (61,600)
  5950 (67,550)
  6350 (73,900)

  (+600, 40)
  6950 (80,850)
  7550 (88,400)
  8150 (96,550)
  8750 (105,300)
  9350 (114,650)

  (+800, 45)
  10150 (124,800)
  10950 (135,750)
  11750 (147,500)
  12550 (160,050)
  13350 (173,400)

  (+1200, 50)
  14550 (187,950)
  15750 (203,700)
  16950 (220,650)
  18150 (238,800)
  19350 (258,150)

  (+1600, 55)
  20950 (279,100)
  22550 (301,650)
  24150 (325,800)
  25750 (351,550)
  27350 (378,900)

  (+2400, 60)
  29750 (408,650)
  32150 (440,800)
  34550 (475,350)
  36950 (512,300)
  39350 (551,650)

  (+3200, 65)
  42550 (594,200)
  45750 (639,950)
  48950 (688,900)
  52150 (741,050)
  55350 (796,400)

  (+4800, 70)
  60150 (856,550)
  64950 (921,500)
  69750 (991,250)
  74550 (1,065,800)
  79350 (1,145,150)

  (+6400, 75)
  85750 (1,230,900)
  92150 (1,323,050)
  98550 (1,421,600)
  104950 (1,526,550)
  111350 (1,637,900)

  (+9600, 80)
  120950 (1,758,850)
  130550 (1,889,400)
  140150 (2,029,550)
  149750 (2,179,300)
  159350 (2,338,650)

  (+12800, 85)
  172150 (2,510,800)
  184950 (2,695,750)
  197750 (2,893,500)
  210550 (3,104,050)
  223350 (3,327,400)

  (+19200, 90)
  242550 (3,569,950)
  261750 (3,831,700)
  280950 (4,112,650)
  300150 (4,412,800)
  319350 (4,732,150)

  (+25600, 95)
  344950 (5,077,100)
  370550 (5,447,650)
  396150 (5,843,800)
  421750 (6,265,550)
  447350 (6,712,900)

  (+38400, 100)
  485750 (7,198,650)
  524150 (7,722,800)
  562550 (8,285,350)
  600950 (8,886,300)
  639350 (9,525,650)

  (101)
  895350 (13,490,400)