Starting Level: 0
Maximum Level: 101


Levels (Exp from last level (Total Exp)) (Separated in sections of 5 levels):
  0 (0)

  50 (50)
  116 (166)
  193 (359)
  282 (641)
  385 (1,026)

  504 (1,530)
  643 (2,173)
  803 (2,976)
  988 (3,964)
  1,203 (5,167)

  1,452 (6,619)
  1,740 (8,359)
  2,073 (10,432)
  2,460 (12,892)
  2,907 (15,799)

  3,426 (19,225)
  4,026 (23,251)
  4,721 (27,972)
  5,526 (33,498)
  6,459 (39,957)

  7,539 (47,496)
  8,790 (56,286)
  10,239 (66,525)
  11,917 (78,442)
  13,860 (92,302)


  16,111 (108,413)
  18,718 (127,131)
  21,737 (148,868)
  25,233 (174,101)
  29,283 (203,384)

  33,973 (237,357)
  39,406 (276,763)
  45,697 (322,460)
  52,984 (375,444)
  61,423 (436,867)

  71,197 (508,064)
  82,516 (590,580)
  95,627 (686,207)
  110,811 (797,018)
  128,397 (925,415)

  148,764 (1,074,179)
  172,353 (1,246,532)
  199,673 (1,446,205)
  231,315 (1,677,520)
  267,961 (1,945,481)

  310,404 (2,255,885)
  359,560 (2,615,445)
  416,492 (3,031,937)
  482,429 (3,514,366)
  558,795 (4,073,161)


  647,240 (4,720,401)
  749,675 (5,470,076)
  868,312 (6,338,388)
  1,005,714 (7,344,102)
  1,164,851 (8,508,953)

  1,349,158 (9,858,111)
  1,562,618 (11,420,729)
  1,809,842 (13,230,571)
  2,096,170 (15,326,741)
  2,427,787 (17,754,528)

  2,811,858 (20,566,386)
  3,256,679 (23,823,065)
  3,771,858 (27,594,923)
  4,368,526 (31,963,449)
  5,059,571 (37,023,020)

  5,859,921 (42,882,941)
  6,786,866 (49,669,807)
  7,860,429 (57,530,236)
  9,103,801 (66,634,037)
  10,543,842 (77,177,879)

  12,211,661 (89,389,540)
  14,143,284 (103,532,824)
  16,380,440 (119,913,264)
  18,971,455 (138,884,719)
  21,972,301 (160,857,020)


  25,447,802 (186,304,822)
  29,473,037 (215,777,859)
  34,134,958 (249,912,817)
  39,534,273 (289,447,090)
  45,787,618 (335,234,708)

  53,030,079 (388,264,787)
  61,418,108 (449,682,895)
  71,132,903 (520,815,798)
  82,384,324 (603,200,122)
  95,415,425 (698,615,547)

  110,507,706 (809,123,253)
  127,987,190 (937,110,443)
  148,231,471 (1,085,341,914)
  171,677,867 (1,257,019,781)
  198,832,870 (1,455,852,651)

  230,283,082 (1,686,135,733)
  266,707,895 (1,952,843,628)
  308,894,160 (2,261,737,788)
  357,753,187 (2,619,490,975)
  414,340,433 (3,033,831,408)

  479,878,299 (3,513,709,707)
  555,782,541 (4,069,492,248)
  643,692,846 (4,713,185,094)
  745,508,259 (5,458,693,353)
  863,428,206 (6,322,121,559)


  1,000,000,000 (7,322,121,559)